P1_quad_10_10 26 0.086925 -67.957539 0.000008
P2_quad_10_1000 55 0.153471 -4449.200898 0.000004
P3_quad_1000_10 31 1.969077 -1918.587655 0.000008
P4_quad_1000_1000 357 22.387073 -71054.591815 0.000010
P5_quartic_1 3 0.007050 0.000000 0.000000
P6_quartic_2 24 0.010779 0.001254 0.317523
P7_Rosenbrock2 33 0.004747 0.000000 0.000010
P8_Rosenbrock100 112 0.106271 3.986624 0.000000
P9_DataFit_2 14 0.007164 0.000000 0.000018
P10_Exponential10 19 0.013773 -0.205573 0.000003
P11_Exponential1000 10 0.562646 -0.205573 0.000000
P12_Genhumps5 95 0.015834 0.000000 0.000050
