P1_quad_10_10 39 0.059253 -67.957539 0.000007
P2_quad_10_1000 1000 0.887462 -4443.419599 1.161275
P3_quad_1000_10 44 1.491815 -1918.587655 0.000008
P4_quad_1000_1000 1000 37.532190 -70987.740467 0.679090
P5_quartic_1 3 0.003025 0.000000 0.000000
P6_quartic_2 65 0.005743 0.000770 0.282026
P7_Rosenbrock2 47 0.002714 0.000000 0.000006
P8_Rosenbrock100 108 0.062305 3.986624 0.000165
P9_DataFit_2 21 0.003862 0.000000 0.000017
P10_Exponential10 159 0.009096 -0.205573 0.000001
P11_Exponential1000 10 0.342446 -0.205573 0.000000
P12_Genhumps5 1000 0.028589 0.370014 0.226291
