P1_quad_10_10 41 0.228113 -67.957539 0.000012
P2_quad_10_1000 1000 2.835221 -4449.023293 0.094290
P3_quad_1000_10 40 0.160686 -1918.587655 0.000007
P4_quad_1000_1000 1000 4.006165 -71045.833953 0.047980
P5_quartic_1 2 0.002528 0.000000 0.000000
P6_quartic_2 6 0.002903 0.000134 0.053407
P7_Rosenbrock2 1000 0.043228 0.000337 0.022538
P8_Rosenbrock100 42 0.006049 3.986624 0.000206
P9_DataFit_2 530 0.022352 0.000000 0.000024
P10_Exponential10 27 0.004027 -0.205573 0.000002
P11_Exponential1000 17 0.001808 -0.205573 0.000002
P12_Genhumps5 85 0.006216 0.000000 0.000092
