P1_quad_10_10 1 0.013561 -67.957539 0.000000
P2_quad_10_1000 1 0.005256 -4449.200898 0.000000
P3_quad_1000_10 1 0.044478 -1918.587655 0.000000
P4_quad_1000_1000 1 0.040716 -71054.591815 0.000000
P5_quartic_1 2 0.040262 0.000000 0.000000
P6_quartic_2 12 0.021795 0.000525 0.148536
P7_Rosenbrock2 20 0.029780 0.000000 0.000106
P8_Rosenbrock100 4 0.029019 3.986624 0.000001
P9_DataFit_2 6 0.043472 0.000000 0.000018
P10_Exponential10 13 0.014131 -0.205573 0.000002
P11_Exponential1000 13 0.263165 -0.205569 0.000002
P12_Genhumps5 37 0.095938 0.000000 0.000000
