P1_quad_10_10 5 0.112022 -67.957539 0.000000
P2_quad_10_1000 11 0.117484 -4449.200898 0.000000
P3_quad_1000_10 8 0.156640 -1918.587655 0.000000
P4_quad_1000_1000 13 0.907196 -71054.591815 0.000000
P5_quartic_1 2 0.019705 0.000000 0.000000
P6_quartic_2 12 0.006297 0.000942 0.281771
P7_Rosenbrock2 33 0.010812 0.000000 0.000000
P8_Rosenbrock100 5 0.021935 3.986624 0.000001
P9_DataFit_2 7 0.016497 0.000000 0.000000
P10_Exponential10 8 0.006052 -0.205573 0.000002
P11_Exponential1000 14 0.106431 -0.205564 0.000004
P12_Genhumps5 51 0.018650 0.000000 0.000006
