P1_quad_10_10 21 0.178886 -67.957539 0.000000
P2_quad_10_1000 14 0.067424 -4449.200898 0.000000
P3_quad_1000_10 24 0.750905 -1918.587655 0.000008
P4_quad_1000_1000 404 47.163322 -71054.591815 0.000009
P5_quartic_1 3 0.004428 0.000000 0.000000
P6_quartic_2 31 0.008854 0.000839 0.196254
P7_Rosenbrock2 96 0.009857 0.000000 0.000042
P8_Rosenbrock100 74 0.029833 3.986624 0.000085
P9_DataFit_2 15 0.016999 0.000000 0.000009
P10_Exponential10 16 0.005329 -0.205573 0.000003
P11_Exponential1000 24 0.299392 -0.205573 0.000003
P12_Genhumps5 86 0.011369 0.000000 0.000000
