P1_quad_10_10 26 0.080567 -67.957539 0.000008
P2_quad_10_1000 50 0.153374 -4449.200898 0.000010
P3_quad_1000_10 31 1.966787 -1918.587655 0.000008
P4_quad_1000_1000 355 22.611869 -71054.591815 0.000010
P5_quartic_1 3 0.011563 0.000000 0.000000
P6_quartic_2 23 0.008500 0.001154 0.218738
P7_Rosenbrock2 28 0.005004 0.000000 0.000186
P8_Rosenbrock100 112 0.122619 3.986624 0.000000
P9_DataFit_2 12 0.007132 0.000000 0.000006
P10_Exponential10 15 0.005475 -0.205573 0.000000
P11_Exponential1000 9 0.604929 -0.205573 0.000003
P12_Genhumps5 28 0.010202 0.000000 0.000032
