P1_quad_10_10 39 0.083347 -67.957539 0.000007
P2_quad_10_1000 1000 1.360058 -4447.226983 0.151609
P3_quad_1000_10 44 1.569525 -1918.587655 0.000008
P4_quad_1000_1000 1000 41.980401 -71052.466174 0.180980
P5_quartic_1 3 0.004559 0.000000 0.000000
P6_quartic_2 50 0.014603 0.000878 0.311791
P7_Rosenbrock2 265 0.015337 0.000000 0.000160
P8_Rosenbrock100 108 0.092518 3.986624 0.000165
P9_DataFit_2 17 0.004747 0.000000 0.000001
P10_Exponential10 1000 0.091781 -0.205573 0.000062
P11_Exponential1000 9 0.519638 -0.205573 0.000003
P12_Genhumps5 517 0.030710 0.000000 0.000094
