P1_quad_10_10 119 0.183315 -67.957539 0.000011
P2_quad_10_1000 1000 0.932279 -3955.985842 0.783471
P3_quad_1000_10 114 0.183586 -1918.587655 0.000010
P4_quad_1000_1000 1000 1.330799 -68005.699895 0.660132
P5_quartic_1 2 0.002746 0.000000 0.000000
P6_quartic_2 6 0.003463 0.000134 0.053407
P7_Rosenbrock2 1000 0.033268 0.000748 0.053945
P8_Rosenbrock100 42 0.006473 3.986624 0.000206
P9_DataFit_2 530 0.016455 0.000000 0.000024
P10_Exponential10 27 0.003691 -0.205573 0.000003
P11_Exponential1000 21 0.001338 -0.205573 0.000002
P12_Genhumps5 147 0.008085 0.000000 0.000096
