P1_quad_10_10 1 0.062713 -67.957539 0.000000
P2_quad_10_1000 1 0.002616 -4449.200898 0.000000
P3_quad_1000_10 1 0.063266 -1918.587655 0.000000
P4_quad_1000_1000 1 0.035147 -71054.591815 0.000000
P5_quartic_1 2 0.055870 0.000000 0.000000
P6_quartic_2 12 0.021608 0.000525 0.148536
P7_Rosenbrock2 20 0.019479 0.000000 0.000106
P8_Rosenbrock100 4 0.031019 3.986624 0.000001
P9_DataFit_2 6 0.050969 0.000000 0.000018
P10_Exponential10 13 0.029293 -0.205573 0.000002
P11_Exponential1000 13 0.287497 -0.205569 0.000002
P12_Genhumps5 106 0.452039 0.000000 0.000025
